1
54
0 6008.12 2620.11 2224.79 2475.49 6345.11 4550.91 4106.09 6285.53 2481.75 916.42 1735.03 7671.72 4770.02 135.33 4033.55 1320.41 1766.67 1959.09 2989.92 2310.46 2347.81 5752.69 1378.27 5783.37 1185.61 1172.9 2182.8 3837.96 4254.41 3290.53 2634.77 254.07 2282.87 100.49 70.05 1198.66 1334.12 977.98 364.03 0 3521.73 3939.93 7370.47 284.08 0 1125.28 572.5 275.07 0 101.41 0 108.66 1085.24 
5724.53 0 780.57 229.38 525.66 1574.03 2311.71 2450.95 1485.41 228.7 92.53 258.92 2717.22 1993.82 69.38 108.97 538.79 801.67 120.43 112.56 250.05 540.11 299.16 100.57 537.09 210.39 140.17 0 1433.9 760.46 721.45 891.95 17.59 1185.25 282.71 0 220.25 327.91 650.53 71 0 323.13 58.28 518.79 628.98 95.98 316.02 194.6 35.68 0 69.49 0 16.81 111.73 
2984.28 743.8 0 2145.27 1532.83 448.23 739.37 417.13 1228.87 1574.94 212.69 418.02 590.1 304.49 0 198.77 346.3 347.08 568.92 841.1 225.11 1206.34 282.06 0 610.87 0 91.04 419.6 261.48 449.43 145.8 401.93 36.97 158.37 75.65 89.34 0 69.09 19.92 160.02 0 519.93 304.76 731.42 97.86 0 92.71 0 127.55 0 41.28 0 0 0 
1822.56 289.11 1358.69 0 188 539.85 556.65 273.85 414.57 83.07 92.88 54.05 315.54 166.59 0 0 0 136.74 17.66 58.18 38.58 562.64 0 111.75 185.88 0 0 50.9 0 177.97 47.48 68.11 0 73.63 0 0 29.82 0 49.36 8.94 0 185.6 0 38.58 0 0 0 0 9.83 0 0 0 27.35 0 
2317.3 573.4 1328.12 149.13 0 1234.27 817.41 260.59 833.29 1386.32 483.6 339.49 626.31 682.41 120.46 40.68 24.37 501.23 383.88 495.7 143.34 689.44 1185.78 115.04 611.35 231.94 34.76 82.74 134.81 901.69 173.92 432.42 30.48 270.3 8.51 0 80.12 49.32 39.71 40.92 0 1274.37 764.34 213.61 21.6 64.61 247.5 0 41.87 0 0 0 0 0 
7419.33 1331.61 292.29 628.87 1033.62 0 7228.77 629.49 1573.43 637.48 564.71 845.22 1632.69 4144.82 275.67 576.64 199.09 143.66 444.08 109.19 216.6 972.28 748.53 217.9 1740.72 511.94 245.33 403.06 959.4 2124.39 744.11 712.06 5.82 683.57 70.27 129.83 27.01 104.29 67.66 66.44 0 536.39 250.22 585.86 87.73 0 34.37 167.31 34.62 0 0 0 194.02 26.35 
5348.25 3280.85 682.6 490.05 905.42 6844.29 0 1375.09 1583.44 406.18 765.61 430.67 3503.87 5287.63 947.15 753.96 95.27 430.08 456.8 583.62 352.79 893.02 358.67 101.27 1409.01 455.48 645.28 991.47 383.68 1470.52 1132.39 1396.99 292.41 1921.07 35.64 0 140.74 113.63 94.68 16.98 0 85.84 520.22 859.2 27.42 0 105.18 91.12 99.2 0 0 0 57.63 79.37 
4094.95 2573.83 362.3 64.95 335.12 731.07 1128.73 0 947.62 49.66 15.58 332.72 1177.83 511.02 6.29 2620.49 1532.1 559.48 439.07 109.19 118.83 290.22 493.07 46.79 113.43 552.56 30.83 560.96 0 870.5 858.08 142.25 149.9 482.13 84.26 375.13 1042.15 868.96 279.49 29.86 0 306.31 132.19 639.94 21.6 0 120.18 45.56 19.19 0 38.7 0 214.96 71.13 
7027.26 1396.78 1728.93 590.39 1057.55 907.5 1053.59 831.78 0 211.12 404.41 176.47 1150.63 1701.12 6.29 536.77 172.95 6349.33 1057.53 1384.9 956.07 726.6 518.13 194.37 2829.57 51.18 218.48 338.97 404.43 760.46 886.52 485.61 162.25 708.18 29.57 0 122.89 158.86 154.59 559.44 0 3452.09 1539.25 2156.05 584.96 0 275.4 146.7 242.85 0 70.7 0 0 45.58 
2630.21 260.6 1898.94 47.46 604.91 728.4 344.3 101.74 370.14 0 140.12 575.87 399.5 538.11 13.01 18.81 165.9 108.08 76.37 0 0 2824.37 90.15 34.3 144.98 49.48 0 0 0 138.12 99.42 441.98 39.46 161.91 0 0 0 50.94 0 29.37 0 116.4 0 602.3 0 0 0 0 30.64 0 12.14 0 0 0 
1152.58 287.29 266.6 147.41 461.55 684.55 1067.73 34.84 811.66 98.22 0 83.77 841.15 558.79 59.95 185.9 0 0 127.01 0 118.44 729.68 83.2 0 170.54 61.46 133.1 0 108.92 0 185.02 283.17 8.13 138.71 0 0 123.63 19.41 19.61 70.95 0 10.54 68.89 343.55 0 0 40.63 51.59 4.51 0 0 0 59.64 67.79 
1906.28 325.55 209.86 61.73 774.7 865.19 395.34 286.95 146.54 547.87 96.99 0 1246.8 379.11 23.53 91.2 46.9 405.85 196.35 330.56 169.89 65.2 1664.44 135 813.08 0 0 0 558.82 68.75 887.95 265.83 0 31.11 8.07 0 112.69 0 58.03 8.02 0 110.45 0 270.36 0 0 0 0 15.81 0 0 0 0 0 
6328.94 2117.33 1043.08 341.34 977.18 1575.91 3416.81 1299.83 671.55 391.27 660.72 1054.47 0 1885.33 17.36 1200.56 251.75 730.75 617.63 1495.27 193.58 1172.32 1261.83 2362.21 14583.8 1911.92 1442.88 5296.72 1337.09 6352.61 4426.06 2023.2 348.79 555.19 16.58 0 18.17 222.67 45.38 32.41 0 802.97 264.64 2254.9 30.44 0 1097.37 0 251.27 0 74.9 0 17.72 45.78 
4888.29 1367.19 460.89 167.62 646.13 3206.18 6231.16 647.59 1243.77 305.34 905.01 316.08 2221.08 0 496.78 343.61 144.16 589.61 189.59 522.36 86.1 1444.38 864.6 135.56 1941.27 679.08 399.39 1148.88 1789.42 1571.18 2443.09 3457.77 82.55 2535.93 28.38 0 157.92 90.24 85.09 201.57 0 505.92 788.79 846.84 33.27 0 200.47 38.54 25.89 0 0 0 9.12 26.13 
596.07 62.88 3.51 33.89 145.32 290.38 923.2 5.75 1.61 10.24 44.29 11.01 15.91 956.1 0 0 3.48 0 22.7 0 0 22.32 0 0 374.11 61.46 90.74 0 0 0 14.09 124.34 0 451.43 0 0 0 0 0 0 0 3.22 0 9.26 0 0 0 0 0 0 0 0 3.22 0 
3373.41 150.65 306.57 0 63.19 671.77 590.97 2602.43 660.02 32.3 164.42 173.3 680.48 459.79 0 0 1982.06 207.2 99.09 0 409.64 171.8 73.72 0 249.41 0 35.83 261.5 0 235.22 185.65 229.39 0 603.11 0 219.83 516.74 417.36 209.61 0 0 280.9 0 109.97 0 0 0 0 99.58 0 18.67 0 504.77 138.84 
1186.57 478.83 333 0 20.27 529.35 91.91 1515.04 144.13 314.18 0 0 341.76 136.64 4.35 2080.33 0 81.07 81.07 61.92 0 70.92 145.6 42.46 161.31 83.14 0 21.89 18.74 66.95 0 334.27 29.78 50.05 200.73 52.13 818.99 507.87 607.56 18.87 0 181.87 0 0 0 0 69.38 0 0 0 0 0 102.29 293.38 
2260.27 1195.94 718.3 51.39 707.89 414.14 600.36 573.4 7033.72 123.56 0 421.67 744.99 585.29 0 618 20.96 0 1226.24 1047.32 44.08 289.09 359.29 304.42 1094.36 0 124.76 500.46 134.81 625.57 523.91 898.58 102.49 215.96 25.09 0 29.51 138.99 16.59 213.64 0 2026.6 356.13 1375.05 188.53 0 453.45 0 358.97 0 37.34 0 65.17 0 
2193.23 177.03 417.72 33.82 320.08 413 366.07 263.35 1776.71 123.56 104.42 80.22 855.8 151.88 18.47 89.35 20.63 574.16 0 3205.69 833.65 330.5 87.36 97.01 0 0 82.84 0 12.58 83.26 384.36 203.86 12.07 230.03 11.59 0 56.52 77.87 26.95 70.72 0 1047.69 4220.08 1776.29 198.53 0 0 0 432.12 0 0 0 0 0 
3924.83 112.96 376.02 66.33 196.9 248.65 259.5 149.51 1556.55 0 52.76 254.86 1071.24 519.61 0 0 71.25 651.8 3180.84 0 534.14 563.02 0 38.24 0 0 0 345.87 0 134.71 84.79 736.19 0 539.54 0 0 0 0 0 0 0 145.32 1742.5 1673.54 426.93 0 0 0 543.28 0 129.4 0 0 0 
2640.08 101.11 267.96 175.46 90.68 212.46 276.84 0 802.54 0 108.6 122.49 145.67 198.31 0 0 0 44.08 700.85 376.98 0 115.13 104.49 44.08 0 49.48 0 0 48.07 44.08 76.33 212.07 0 110.94 0 0 0 0 0 0 0 138.09 368.21 324.95 28.6 5.69 0 0 171.08 0 1513.42 0 0 44.08 
3222.94 843.52 1618.33 391.04 751.28 1163.16 1114.52 640.21 860.46 3501.16 1057.19 159.84 1238.87 1599.03 107.66 428.76 98.52 447.8 384.98 765.78 197.75 0 1767.04 138.04 1492.75 419.16 34.44 174.39 1351.5 388.63 1772.1 1182.67 44.16 741.72 30.69 0 122.8 337.44 12.44 60.06 0 1224.85 598.23 155.13 0 0 109.37 80.62 177.85 0 17.54 0 0 0 
5499.94 562.4 272.82 0 884.06 696.2 387.53 244.18 686.14 90.15 517.2 1802.57 934.47 846.65 0 45.6 34.18 102.56 282.02 0 115.59 1083.91 0 127.38 432.03 0 31.89 224.6 121.41 116.05 182.65 133.54 70.51 257.02 0 0 0 0 44.79 0 0 244.62 0 0 0 138.77 71.25 0 70.51 0 112.67 0 145.84 0 
1110.57 145.86 0 57.44 181.36 168.89 110.16 33.17 158.83 16.58 36.17 123.47 2021.95 83.03 0 0 38.24 133.68 106.91 132.67 50.82 121.69 130.01 0 1350.49 349.76 0 118.62 156.77 278.14 409.26 401.95 21.42 42.84 0 0 18.17 0 0 0 0 174.85 0 0 0 0 40.63 0 0 0 0 0 0 0 
5957.69 1019.93 526.13 201.36 415.3 2065.1 1723.26 83.25 1842.38 274.42 0 896.68 15335.6 2373.82 439.18 112.73 418.23 1540.22 0 168.37 56.42 851.38 332 1335.78 0 1349.8 780.49 4686.63 2938.38 2698.59 1854.12 1675.72 0 808.34 0 0 68.34 71.37 196.11 16.01 0 235.8 137.78 258.52 0 0 789.61 0 0 0 0 0 0 0 
1215.24 268.54 0 0 255.53 523.93 359.34 545.84 98.4 182.69 0 0 1820.48 734.04 64.82 0 59.43 0 0 0 103.32 106.12 0 333.73 1040.08 0 3342.67 760.79 479.7 1173.88 524.27 235.57 59.43 58.03 38.39 0 0 0 0 0 0 29.65 0 0 0 0 3994.08 0 89.08 0 0 0 0 0 
976.4 332.18 40.39 0 30.48 168.62 164.94 4.89 164.94 0 132.24 0 1365.68 327.02 37.66 45.6 0 52.24 34.4 0 0 86.43 23.92 33.77 1332.2 3300.66 0 1620.5 84.03 343.48 392.85 254.25 17.3 0 0 0 0 0 0 19.07 0 130.77 40.39 311.4 0 0 385.27 0 88.04 0 26.04 0 0 0 
2472.13 45.6 310.87 24.84 70.67 516.85 1075.82 455.77 356.69 0 0 0 4793.88 1063.71 0 201.03 0 606.08 0 326.98 0 78.4 316.11 28.56 4189.21 1108.6 1408.79 0 2719.81 1661.27 2024.2 885.51 214.11 0 0 0 0 0 0 0 0 150.23 61.46 0 30.44 0 860.58 40.65 4.44 0 31.82 0 0 47.87 
3030.02 1306.23 301.81 0 130.51 700.01 559.95 0 490.59 0 114.86 491.25 1369.68 1487.65 0 0 0 188.06 289.33 0 56.42 297.14 105.32 205.06 2920.45 472.23 115.02 2856.66 0 2232.29 2725.73 686.96 134.81 114.86 22.47 0 0 0 0 0 0 585.03 0 0 0 0 228.35 0 354.35 0 0 0 0 0 
4480.24 495.1 378.4 154.54 645.85 2228.79 1497.22 769.54 695.55 186.55 0 205.32 5495.82 1303.89 7.49 535.7 106.48 475.7 137.71 229.74 90.46 506.91 133.64 479.99 3949.42 1056.83 527.41 1337.48 2223.54 0 6890.64 1565.27 17.11 752.98 81.38 0 103.49 47.34 120.26 23.38 0 401.58 134.71 651.9 0 366.71 693.5 0 214.72 0 0 0 0 63.96 
4043.38 450.89 134.99 61.66 324.36 879.75 1016.13 880.7 1115.12 77.35 157.38 744 4340.92 2364.07 11.39 242.12 0 260.17 529.49 49.12 108.02 834.73 144.7 725.13 1876.47 533.06 669.97 2517.5 3258.31 5093.53 0 2207.15 379.85 227 21.17 0 0 0 169.05 8.02 0 323.97 0 203.22 46.46 163.75 445.95 0 163.11 0 0 0 0 0 
3099.38 1282.42 414.51 198.23 464.63 1139.8 2402.82 112.31 718.46 273.81 516.82 231.43 1479.1 3343.3 229.92 187.18 257.33 1015.17 397.76 1040.18 202.74 945.28 188.88 486.33 2712.3 203.47 222.21 914.7 729.29 1236.03 2523.19 0 650.14 1141.32 9.54 93.53 60.14 94.61 64.37 605.48 0 267.19 891.84 647.94 204.43 0 145.38 0 199.37 0 0 0 0 16.09 
71.59 34.5 41.05 0 154.45 0 386.36 149.26 744.5 0 0 663.96 330.02 61.26 0 0 23.36 70.88 0 61.92 0 30.75 90.25 28.56 0 0 15.58 228.27 134.81 24.8 282.49 442.69 0 0 0 0 27.01 230.94 0 7.9 0 0 0 126.78 0 0 51.08 0 0 0 14.85 0 17.72 0 
2277.41 1034.09 121.84 50.25 115.2 637.27 2711.9 175.34 930.15 106.59 88.63 65.18 911.97 2270.6 558.56 611.19 103.34 335.76 104.15 354.55 112.84 1242.41 241.65 58.68 1630.9 205.53 0 0 298.14 526.45 252.04 1023.86 0 0 27.38 0 25.38 120.84 63.95 0 0 213.89 61.46 0 0 101.21 192.28 0 0 0 0 0 0 61.91 
97.86 226.01 59.07 0 16.22 68.81 60.36 86.26 29.98 0 0 11.46 19.15 86.55 0 0 227.46 17.94 11.46 0 0 28.74 0 0 0 73.51 0 0 4.67 33.93 9.34 4.68 0 20.34 0 20.44 28.96 0 0 7.05 0 4.67 0 0 0 0 0 0 4.67 0 0 0 0 0 
33.13 0 111.5 0 0 189.7 0 307.8 0 0 0 0 0 0 0 143.62 73.99 0 0 0 0 0 0 0 0 0 0 0 0 0 0 65.83 0 0 0 0 110.22 67.33 0 0 0 0 0 0 0 0 0 0 0 0 0 0 34.12 20.08 
919.84 281.6 22.79 27.84 279.86 27.01 129.24 1009.17 92.22 0 105.57 69.03 39.96 62.74 0 749.37 677.84 2.72 42.14 0 0 149.77 0 10.53 101.92 0 0 0 0 133.81 0 32.01 0 22.79 63.56 98.29 0 535.4 72.44 0 0 69.02 68.82 0 0 0 0 0 0 0 0 0 168.24 0 
1328.69 282.04 54.83 0 51.77 139.73 127.71 775.76 190.98 2.91 24.34 0 179.8 42.69 0 511.76 445.74 45.94 33.11 0 0 111.23 0 0 70.96 0 0 0 0 56.42 0 85.88 71.37 118.34 0 27.93 650.05 0 201.27 0 0 69.14 0 11.24 0 0 0 0 0 0 0 0 0 642.3 
1067.26 658.43 19.26 26.41 52.97 50.73 126.93 580.18 121.22 0 23.87 72.09 72.48 116.94 0 192.98 406.67 89.99 9.61 0 0 23.17 0 0 182.2 0 0 0 0 166.71 66.81 21.01 0 40.06 26.41 0 60.57 144.8 0 0 0 122.78 0 0 0 0 0 0 0 0 0 0 0 19.92 
377.77 61.4 110.23 13.85 20.56 110.96 9.6 33.06 634.09 24.31 54.27 33.01 54.37 352.79 0 0 12.4 156.04 80.99 0 0 50.31 0 0 24.19 0 11.4 0 0 23.98 11.64 317.83 8.46 0 11.47 0 0 0 0 0 0 25.48 0 0 0 0 0 0 23.04 0 0 0 0 22.47 
0 0 0 0 0 0 0 0 0 0 0 0 0 0 0 0 0 0 0 0 0 0 0 0 0 0 0 0 0 0 0 0 0 0 0 0 0 0 0 0 0 0 0 0 0 0 0 0 0 0 0 0 0 0 
3565.92 369.22 580.99 286.88 606.25 346.29 136.77 159.74 2328 33.41 86.17 155.46 1119.29 373.03 3.28 739.46 275.13 1608.81 1808.88 292.71 266.2 1070.2 193.22 504.37 442.13 152.29 199.49 227.15 511.99 310.18 596.92 309.88 0 359.31 11.27 0 171.69 214.92 207.45 28.8 0 0 1346.47 2593.87 71.02 0 325.39 0 80.34 0 0 0 185.62 99.43 
3857.02 95.46 338.44 0 380.72 389.07 177.45 126.43 1180.88 0 33.84 0 264.74 403.68 0 0 0 397.71 3803.87 1913.99 354.61 95.46 0 0 0 0 37.7 83.7 0 261.2 41.27 220.6 0 135.35 0 0 43.71 0 0 0 0 797.78 0 376.19 723.02 40.32 41.27 0 326.41 0 0 0 0 0 
7795.62 660.63 379.45 23.55 622.6 609.39 1250.43 632.81 2854.81 413.28 160.41 270.36 1529.08 878.45 7.32 54.86 94.18 673.72 1673.03 935.69 564.11 54.86 0 0 265.83 0 133.01 80.94 0 694.87 113.5 749.58 219.94 0 0 0 0 19.41 0 0 0 1508.48 450.86 0 2807.13 140.76 219.94 0 337.36 0 57.7 0 0 334.41 
322.54 448.72 23.78 0 41.18 109.34 23.78 41.18 495.07 0 0 0 0 15.36 0 0 0 87.89 204.88 515.86 0 0 0 0 0 0 0 34.94 0 0 71.34 38.53 0 0 0 0 0 0 0 0 0 94.47 774.47 2835.5 0 0 0 0 38.53 0 0 0 0 0 
0 157.21 0 0 42.44 0 0 211.08 0 0 0 0 0 0 0 0 0 0 0 0 53.02 0 180.74 0 0 0 0 0 0 94.81 115.25 0 0 0 0 0 0 0 0 0 0 0 56.34 255.5 0 0 0 0 0 0 0 0 0 0 
1381.05 304.65 0 0 88.72 43.1 91.91 43.1 25.1 0 19.95 0 1182.8 154.92 0 0 29.52 146.51 0 0 0 106.15 51.08 43.52 722.55 4903.78 367.76 893.7 177.37 413.62 503.56 140.72 83.01 151.07 0 0 0 0 0 0 0 154.94 89.36 111.95 0 0 0 0 0 0 0 0 0 0 
523.94 242.02 4.36 0 0 175.5 258.73 126.69 237.88 0 48.81 0 0 22.33 0 0 0 0 0 0 0 40 0 0 0 0 0 45.51 0 0 0 0 0 0 0 0 0 0 0 0 0 0 0 0 0 0 0 0 8.87 0 0 0 0 0 
385.75 77.73 144.91 7.17 28.52 29.12 27.01 3.75 451.48 104.82 2.18 12.19 238.96 8.14 0 100.19 0 439.56 501.81 337.12 410.44 73.87 77.67 0 0 203.47 65.52 6.4 372.12 330.19 23.12 81.09 0 0 11.27 0 0 0 0 24.76 0 87.59 297.8 159.6 20.48 0 0 12.33 0 0 40.8 0 0 0 
0 0 0 0 0 0 0 0 0 0 0 0 0 0 0 0 0 0 0 0 0 0 0 0 0 0 0 0 0 0 0 0 0 0 0 0 0 0 0 0 0 0 0 0 0 0 0 0 0 0 0 0 0 0 
171.35 72.13 51.13 0 0 0 0 45.92 121.76 8.69 0 21.55 138.71 0 0 15.91 0 0 0 90.17 1174.72 9.42 80.05 0 0 0 41.28 28.49 0 0 0 0 14.58 0 0 0 0 0 0 0 0 0 0 47.23 0 0 0 0 9.16 0 0 0 85.44 0 
0 0 0 0 0 0 0 0 0 0 0 0 0 0 0 0 0 0 0 0 0 0 0 0 0 0 0 0 0 0 0 0 0 0 0 0 0 0 0 0 0 0 0 0 0 0 0 0 0 0 0 0 0 0 
26.7 41.01 0 23.55 0 45.33 67.64 204.95 0 0 253.45 0 16.77 3.15 4.12 536.66 229.52 80.6 0 0 0 0 0 0 0 0 0 0 0 0 0 0 15.38 0 0 59.84 169.89 0 49.02 0 0 166.18 0 0 0 0 0 0 0 0 0 0 0 16.09 
1110.13 130.95 0 0 0 9.32 54.75 63.03 32.17 0 48.98 0 26.35 20.18 0 159.29 277.46 0 0 0 0 0 0 0 0 0 0 25.61 0 66.07 0 20.18 0 83.76 0 32.48 0 655.98 24.66 20.18 0 56.26 0 127.57 0 0 0 0 0 0 0 0 20.18 0 
