Diameter:
3
avg Clustering:
0.781246
Clustering vertex
0.176730 0.179983 0.202462 0.221635 0.192260 0.183875 0.185312 0.179605 0.185312 0.221167 0.212919 0.227169 0.191211 0.185312 0.250980 0.206439 0.213625 0.198319 0.208374 0.239891 0.233654 0.192260 0.214493 0.234623 0.229174 0.235065 0.219712 0.215739 0.230601 0.195670 0.201293 0.188963 0.261017 0.203349 0.235294 0.225296 0.224294 0.218831 0.244361 0.222078 0.000000 0.191511 0.230490 0.206590 0.266667 0.274510 0.237469 0.256917 0.201487 0.000000 0.246246 0.000000 0.221323 0.213131 
avg Degree:
64.962963
Degree All
98.000000 97.000000 86.000000 65.000000 90.000000 95.000000 94.000000 96.000000 94.000000 67.000000 77.000000 73.000000 93.000000 94.000000 51.000000 71.000000 74.000000 85.000000 79.000000 61.000000 65.000000 90.000000 70.000000 64.000000 74.000000 56.000000 65.000000 67.000000 61.000000 87.000000 83.000000 92.000000 60.000000 77.000000 52.000000 23.000000 60.000000 56.000000 57.000000 56.000000 0.000000 90.000000 58.000000 74.000000 40.000000 18.000000 57.000000 23.000000 72.000000 0.000000 37.000000 0.000000 39.000000 45.000000 
Degree in
49.000000 49.000000 44.000000 33.000000 45.000000 47.000000 47.000000 48.000000 47.000000 33.000000 38.000000 37.000000 46.000000 47.000000 25.000000 35.000000 37.000000 42.000000 39.000000 31.000000 33.000000 45.000000 34.000000 32.000000 36.000000 28.000000 32.000000 34.000000 31.000000 43.000000 42.000000 46.000000 31.000000 38.000000 26.000000 12.000000 30.000000 28.000000 29.000000 28.000000 0.000000 45.000000 29.000000 36.000000 21.000000 9.000000 29.000000 11.000000 36.000000 0.000000 18.000000 0.000000 20.000000 23.000000 
Degree out
49.000000 48.000000 42.000000 32.000000 45.000000 48.000000 47.000000 48.000000 47.000000 34.000000 39.000000 36.000000 47.000000 47.000000 26.000000 36.000000 37.000000 43.000000 40.000000 30.000000 32.000000 45.000000 36.000000 32.000000 38.000000 28.000000 33.000000 33.000000 30.000000 44.000000 41.000000 46.000000 29.000000 39.000000 26.000000 11.000000 30.000000 28.000000 28.000000 28.000000 0.000000 45.000000 29.000000 38.000000 19.000000 9.000000 28.000000 12.000000 36.000000 0.000000 19.000000 0.000000 19.000000 22.000000 
Betweenness
22.427360 23.540415 13.671490 3.008573 13.372779 19.611970 15.206226 25.065840 15.313452 3.266381 9.495131 3.966419 12.956481 15.206226 1.377878 7.453423 8.852826 9.271861 6.032903 2.398235 6.143865 12.057185 7.084779 1.981251 4.411805 1.622648 3.228862 6.869476 1.613238 12.517450 10.563866 14.403770 3.815048 7.430820 1.816081 0.392149 4.194301 2.787571 1.522483 1.611942 0.000000 11.157918 3.912215 9.465400 0.055905 0.089462 0.990701 0.037736 6.708001 0.000000 0.896587 0.000000 2.529954 2.591663 
